microseconds: [1616, 1402, 1353, 1346, 1292, 1586, 1353, 1398]
---
microseconds: [1616, 1401, 1352, 1346, 1291, 1587, 1352, 1398]
---
microseconds: [1617, 1400, 1350, 1346, 1290, 1588, 1350, 1398]
---
microseconds: [1617, 1400, 1349, 1346, 1289, 1588, 1349, 1398]
---
microseconds: [1619, 1399, 1348, 1346, 1286, 1589, 1348, 1398]
---
microseconds: [1621, 1399, 1348, 1345, 1283, 1589, 1348, 1398]
---
microseconds: [1622, 1399, 1347, 1345, 1279, 1589, 1347, 1397]
---
microseconds: [1623, 1398, 1346, 1344, 1278, 1590, 1346, 1397]
---
microseconds: [1623, 1397, 1345, 1343, 1278, 1591, 1345, 1397]
---
microseconds: [1623, 1396, 1343, 1343, 1278, 1591, 1343, 1396]
---
microseconds: [1624, 1395, 1341, 1343, 1277, 1592, 1341, 1396]
---
microseconds: [1625, 1395, 1341, 1343, 1275, 1593, 1341, 1396]
---
microseconds: [1628, 1395, 1341, 1341, 1269, 1592, 1341, 1395]
---
microseconds: [1630, 1395, 1341, 1340, 1265, 1592, 1341, 1394]
---
microseconds: [1633, 1395, 1342, 1338, 1260, 1592, 1342, 1394]
---
microseconds: [1634, 1395, 1341, 1337, 1258, 1592, 1341, 1393]
---
microseconds: [1634, 1394, 1340, 1335, 1257, 1593, 1340, 1392]
---
microseconds: [1635, 1394, 1339, 1333, 1255, 1593, 1339, 1391]
---
microseconds: [1638, 1394, 1339, 1331, 1251, 1593, 1339, 1389]
---
microseconds: [1640, 1394, 1339, 1329, 1247, 1593, 1339, 1388]
---
microseconds: [1642, 1394, 1340, 1327, 1243, 1593, 1340, 1387]
---
microseconds: [1644, 1394, 1339, 1326, 1240, 1593, 1339, 1386]
---
microseconds: [1646, 1394, 1339, 1324, 1236, 1593, 1339, 1385]
---
microseconds: [1647, 1394, 1339, 1323, 1234, 1593, 1339, 1385]
---
microseconds: [1648, 1394, 1338, 1321, 1232, 1594, 1338, 1384]
---
microseconds: [1649, 1393, 1337, 1320, 1230, 1594, 1337, 1383]
---
microseconds: [1651, 1393, 1337, 1320, 1228, 1594, 1337, 1383]
---
microseconds: [1651, 1392, 1336, 1320, 1228, 1595, 1336, 1383]
---
microseconds: [1652, 1391, 1335, 1320, 1228, 1595, 1335, 1383]
---
microseconds: [1653, 1391, 1333, 1319, 1228, 1596, 1333, 1382]
---
microseconds: [1654, 1390, 1332, 1318, 1228, 1597, 1332, 1382]
---
microseconds: [1655, 1390, 1332, 1317, 1228, 1597, 1332, 1381]
---
microseconds: [1657, 1390, 1331, 1316, 1228, 1597, 1331, 1381]
---
microseconds: [1658, 1389, 1331, 1315, 1228, 1597, 1331, 1380]
---
microseconds: [1660, 1389, 1330, 1315, 1228, 1597, 1330, 1380]
---
microseconds: [1661, 1389, 1330, 1314, 1228, 1598, 1330, 1380]
---
microseconds: [1662, 1388, 1329, 1315, 1228, 1598, 1329, 1380]
---
microseconds: [1663, 1388, 1328, 1315, 1228, 1598, 1328, 1381]
---
microseconds: [1665, 1388, 1328, 1315, 1228, 1599, 1328, 1381]
---
microseconds: [1667, 1388, 1328, 1316, 1228, 1599, 1328, 1381]
---
microseconds: [1668, 1388, 1328, 1316, 1228, 1599, 1328, 1381]
---
microseconds: [1669, 1387, 1327, 1316, 1228, 1599, 1327, 1381]
---
microseconds: [1670, 1387, 1326, 1307, 1228, 1600, 1326, 1376]
---
microseconds: [1666, 1383, 1319, 1299, 1228, 1603, 1319, 1371]
---
microseconds: [1654, 1376, 1307, 1293, 1228, 1609, 1307, 1368]
---
microseconds: [1644, 1371, 1299, 1293, 1240, 1613, 1299, 1368]
---
microseconds: [1624, 1364, 1288, 1300, 1276, 1618, 1288, 1371]
---
microseconds: [1602, 1359, 1280, 1310, 1320, 1622, 1280, 1377]
---
microseconds: [1582, 1356, 1275, 1323, 1362, 1625, 1275, 1385]
---
microseconds: [1564, 1354, 1272, 1337, 1397, 1626, 1272, 1393]
---
microseconds: [1537, 1353, 1270, 1358, 1452, 1628, 1270, 1405]
---
microseconds: [1463, 1352, 1268, 1371, 1540, 1628, 1268, 1413]
---
microseconds: [1454, 1350, 1266, 1386, 1553, 1629, 1266, 1421]
---
microseconds: [1459, 1349, 1264, 1392, 1546, 1630, 1264, 1425]
---
microseconds: [1533, 1348, 1262, 1390, 1460, 1631, 1262, 1424]
---
microseconds: [1372, 1351, 1267, 1578, 1670, 1629, 1267, 1556]
---
microseconds: [1384, 1349, 1264, 1564, 1653, 1631, 1264, 1548]
---
microseconds: [1392, 1347, 1261, 1553, 1641, 1632, 1261, 1542]
---
microseconds: [1534, 1348, 1262, 1322, 1457, 1632, 1262, 1384]
---
microseconds: [1533, 1347, 1260, 1332, 1460, 1632, 1260, 1390]
---
microseconds: [1453, 1345, 1258, 1374, 1555, 1634, 1258, 1414]
---
microseconds: [1467, 1344, 1257, 1358, 1534, 1634, 1257, 1405]
---
microseconds: [1468, 1343, 1255, 1361, 1532, 1635, 1255, 1406]
---
microseconds: [1460, 1342, 1254, 1372, 1544, 1636, 1254, 1413]
---
microseconds: [1465, 1341, 1252, 1374, 1536, 1637, 1252, 1414]
---
microseconds: [1559, 1340, 1251, 1380, 1406, 1638, 1251, 1418]
---
microseconds: [1469, 1340, 1250, 1384, 1530, 1638, 1250, 1420]
---
microseconds: [1434, 1339, 1249, 1393, 1582, 1639, 1249, 1426]
---
microseconds: [1432, 1339, 1248, 1389, 1586, 1639, 1248, 1423]
---
microseconds: [1434, 1338, 1248, 1382, 1583, 1640, 1248, 1419]
---
microseconds: [1435, 1338, 1247, 1377, 1581, 1640, 1247, 1416]
---
microseconds: [1434, 1337, 1245, 1381, 1583, 1641, 1245, 1418]
---
microseconds: [1434, 1336, 1244, 1386, 1583, 1641, 1244, 1422]
---
microseconds: [1437, 1335, 1243, 1384, 1578, 1642, 1243, 1420]
---
microseconds: [1444, 1334, 1241, 1381, 1568, 1643, 1241, 1418]
---
microseconds: [1448, 1333, 1240, 1379, 1563, 1644, 1240, 1417]
---
microseconds: [1450, 1332, 1239, 1375, 1559, 1644, 1239, 1415]
---
microseconds: [1450, 1332, 1238, 1371, 1559, 1645, 1238, 1412]
---
